1.887058284000000086e+00
2.177232494000000074e+00
2.213150649000000136e+00
1.814930733000000185e+00
2.033674999000000039e+00
2.445312718000000274e+00
2.617130532000000009e+00
2.681748323999999961e+00
2.450808829000000078e+00
2.168985383000000322e+00
2.273872211000000032e+00
2.231016454999999787e+00
2.076004505999999861e+00
1.656609824000000009e+00
1.559622653000000136e+00
1.641446733000000213e+00
1.497619784999999926e+00
1.381145413000000044e+00
1.208934060000000033e+00
1.100421110999999952e+00
1.144980570999999836e+00
1.136457834000000000e+00
1.217249597000000128e+00
1.302357435000000008e+00
1.270336802000000098e+00
1.518245643000000200e+00
1.921500455000000107e+00
2.409479686000000065e+00
2.004911701999999796e+00
1.909994229000000043e+00
2.047267440999999799e+00
2.061991636000000128e+00
1.938602245999999862e+00
1.883097384999999901e+00
2.270644504999999924e+00
2.366943066000000151e+00
2.687322328999999677e+00
2.569530998999999927e+00
2.775110963999999569e+00
2.606708885000000198e+00
2.225145536999999951e+00
1.896869689000000081e+00
1.531897649000000028e+00
1.460249193999999973e+00
1.639790979000000037e+00
1.522626760999999940e+00
1.816951734999999957e+00
2.355964678000000312e+00
1.909918591999999915e+00
2.122684448000000224e+00
1.575744936999999846e+00
1.449617319000000126e+00
1.725555635999999948e+00
1.382921096000000016e+00
1.190460662999999863e+00
1.472260846999999817e+00
8.591823409999999051e-01
6.195390499999999800e-01
8.597517459999999279e-01
8.660450609999998939e-01
